[sketch-big.png]
text=12;121;1;1;Arial;0.097579,0.033781,0.133333,0.000000;v1,4278190080,4287079088,128.000000,1.000000,0.000000,0.242188,400,0,49152;;121;1;2;Arial;0.101103,0.265377,0.133333,0.000000;v1,4278190080,4287079088,128.000000,1.000000,0.000000,0.242188,400,0,49152;;121;1;3;Arial;0.292565,0.004006,0.133333,0.000000;v1,4278190080,4287079088,128.000000,1.000000,0.000000,0.242188,400,0,49152;;122;1;4;Arial;0.444536,-0.007795,0.133333,0.000000;v1,4278190080,4287079088,128.000000,1.000000,0.000000,0.242188,400,0,49152;;121;1;5;Arial;0.365378,0.233282,0.133333,0.000000;v1,4278190080,4287079088,128.000000,1.000000,0.000000,0.242188,400,0,49152;;121;1;6;Arial;0.753240,0.155026,0.133333,0.000000;v1,4278190080,4287079088,128.000000,1.000000,0.000000,0.242188,400,0,49152;;121;1;7;Arial;0.157651,0.570995,0.133333,0.000000;v1,4278190080,4287079088,128.000000,1.000000,0.000000,0.242188,400,0,49152;;121;1;8;Arial;0.071224,0.835546,0.133333,0.000000;v1,4278190080,4287079088,128.000000,1.000000,0.000000,0.242188,400,0,49152;;121;1;9;Arial;0.246145,0.835516,0.133333,0.000000;v1,4278190080,4287079088,128.000000,1.000000,0.000000,0.242188,400,0,49152;;122;2;10;Arial;0.533812,0.698039,0.133333,0.000000;v1,4278190080,4287079088,128.000000,1.000000,0.000000,0.242188,400,0,49152;;122;2;11;Arial;0.858831,0.590060,0.133333,0.000000;v1,4278190080,4287079088,128.000000,1.000000,0.000000,0.242188,400,0,49152;;122;2;12;Arial;0.857231,0.809705,0.133333,0.000000;v1,4278190080,4287079088,128.000000,1.000000,0.000000,0.242188,400,0,49152;;
backuphash=47613
textactive=1
[sketch.jpg]
backuphash=6718
